---------------------------------------------------------
Werte
---------------------------------------------------------

[[0,0.13375],[1,0.14896],[2,0.15091],[3,0.19429],[4,0.23547],[5,0.31067],[6,0.39133],[7,0.54253],[8,0.65201],[9,0.74998],[10,0.89407],[11,1.02823],[12,1.09983],[13,1.16868],[14,1.18859]]

[[0,1.2721],[1,1.22926],[2,1.12308],[3,1.02081],[4,0.82602],[5,0.7315],[6,0.63614],[7,0.52631],[8,0.45024],[9,0.33353],[10,0.23534],[11,0.1664],[12,0.13573],[13,0.14609],[14,0.12699]]

[[0,0.12699],[1,0.14792],[2,0.18214],[3,0.2779],[4,0.40324],[5,0.53474],[6,0.67872],[7,0.76757],[8,0.93039],[9,1.0881],[10,1.24175],[11,1.41906],[12,1.59374],[13,1.73509],[14,1.84074]]

[[0,1.6596],[1,1.60134],[2,1.53648],[3,1.38004],[4,1.15982],[5,0.99846],[6,0.86354],[7,0.71977],[8,0.59687],[9,0.47907],[10,0.38972],[11,0.296],[12,0.19659],[13,0.16673],[14,0.16318]]

[[0,0.16318],[1,0.19295],[2,0.20082],[3,0.25151],[4,0.28916],[5,0.31551],[6,0.38813],[7,0.44224],[8,0.48172],[9,0.56767],[10,0.60642],[11,0.65329],[12,0.76021],[13,0.78281],[14,0.8424]]

[[0,1.02168],[1,0.85741],[2,0.79063],[3,0.71598],[4,0.65377],[5,0.58341],[6,0.49519],[7,0.3795],[8,0.29618],[9,0.2122],[10,0.16574],[11,0.1353],[12,0.08356],[13,0.07072],[14,0.05187]]

[[0,0.13932],[1,0.1456],[2,0.14347],[3,0.17638],[4,0.18816],[5,0.22285],[6,0.26577],[7,0.28963],[8,0.34325],[9,0.40686],[10,0.53788],[11,0.61629],[12,0.76194],[13,0.83603],[14,0.94322]]

[[0,0.89361],[1,0.85556],[2,0.7576],[3,0.6803],[4,0.62754],[5,0.56048],[6,0.45329],[7,0.41629],[8,0.33903],[9,0.26826],[10,0.17032],[11,0.12879],[12,0.09351],[13,0.07825],[14,0.06807]]

[[0,0.76172],[1,0.7387],[2,0.72964],[3,0.67815],[4,0.70113],[5,0.71604],[6,0.74629],[7,0.72331],[8,0.7715],[9,0.83299],[10,0.86437],[11,0.84471],[12,0.824],[13,0.798],[14,0.87508]]

[[0,0.86347],[1,0.80196],[2,0.71112],[3,0.67376],[4,0.6424],[5,0.50718],[6,0.43916],[7,0.35157],[8,0.29989],[9,0.27519],[10,0.25317],[11,0.21841],[12,0.19683],[13,0.18494],[14,0.23841]]

[[0,0.27188],[1,0.2591],[2,0.27589],[3,0.30231],[4,0.34478],[5,0.38929],[6,0.44335],[7,0.51663],[8,0.62291],[9,0.69156],[10,0.79835],[11,0.95912],[12,1.05999],[13,1.23672],[14,1.33953]]

[[0,1.30307],[1,1.17402],[2,1.15796],[3,1.13097],[4,1.01037],[5,0.85551],[6,0.76869],[7,0.66571],[8,0.48795],[9,0.36997],[10,0.28594],[11,0.20843],[12,0.16024],[13,0.1107],[14,0.09967]]

[[0,0.09967],[1,0.1063],[2,0.0965],[3,0.09949],[4,0.11014],[5,0.12541],[6,0.13323],[7,0.16195],[8,0.17872],[9,0.18726],[10,0.24687],[11,0.2641],[12,0.29657],[13,0.35231],[14,0.42773]]

[[0,0.59026],[1,0.54738],[2,0.50958],[3,0.48122],[4,0.44642],[5,0.42425],[6,0.38552],[7,0.2934],[8,0.23261],[9,0.24396],[10,0.19453],[11,0.19504],[12,0.16398],[13,0.20124],[14,0.19796]]

[[0,0.19796],[1,0.2258],[2,0.21855],[3,0.24183],[4,0.32321],[5,0.34624],[6,0.43611],[7,0.46641],[8,0.56371],[9,0.58081],[10,0.66151],[11,0.71167],[12,0.75432],[13,0.8214],[14,0.86754]]

[[0,0.84783],[1,0.77901],[2,0.69063],[3,0.58857],[4,0.54454],[5,0.46433],[6,0.42814],[7,0.38465],[8,0.3345],[9,0.29257],[10,0.25598],[11,0.23958],[12,0.23966],[13,0.20889],[14,0.22356]]

[[0,0.22356],[1,0.23896],[2,0.24169],[3,0.2426],[4,0.27212],[5,0.35509],[6,0.39201],[7,0.49224],[8,0.52841],[9,0.5625],[10,0.64197],[11,0.70202],[12,0.7635],[13,0.91754],[14,1.02671]]

[[0,1.05927],[1,0.92283],[2,0.83473],[3,0.74443],[4,0.64111],[5,0.55221],[6,0.48],[7,0.37693],[8,0.32288],[9,0.28706],[10,0.19603],[11,0.14695],[12,0.11872],[13,0.09988],[14,0.10655]]

[[0,0.17792],[1,0.20295],[2,0.29176],[3,0.39625],[4,0.46571],[5,0.60667],[6,0.70163],[7,0.81637],[8,0.86482],[9,0.94265],[10,0.92308],[11,0.97747],[12,0.95521],[13,1.03784],[14,1.054]]

[[0,1.1923],[1,1.10507],[2,0.92461],[3,0.76733],[4,0.72681],[5,0.62595],[6,0.55028],[7,0.43623],[8,0.40063],[9,0.28495],[10,0.25763],[11,0.2374],[12,0.19946],[13,0.18301],[14,0.13804]]

[[0,0.13804],[1,0.17235],[2,0.17585],[3,0.23773],[4,0.29426],[5,0.34532],[6,0.38549],[7,0.4896],[8,0.70541],[9,0.96522],[10,1.12736],[11,1.29599],[12,1.42166],[13,1.61451],[14,1.77536]]

[[0,1.71383],[1,1.67725],[2,1.57888],[3,1.56645],[4,1.50498],[5,1.3199],[6,1.24186],[7,0.96021],[8,0.70706],[9,0.51899],[10,0.38079],[11,0.27062],[12,0.20785],[13,0.12874],[14,0.1141]]

[[0,0.21508],[1,0.16871],[2,0.14172],[3,0.15397],[4,0.16947],[5,0.19626],[6,0.22527],[7,0.27103],[8,0.28499],[9,0.34931],[10,0.3552],[11,0.45311],[12,0.4956],[13,0.53087],[14,0.61637]]

[[0,0.54314],[1,0.52271],[2,0.4469],[3,0.38594],[4,0.35544],[5,0.31076],[6,0.27605],[7,0.22199],[8,0.21251],[9,0.19514],[10,0.17594],[11,0.12691],[12,0.11549],[13,0.10794],[14,0.12311]]

[[0,0.12311],[1,0.13699],[2,0.16328],[3,0.23257],[4,0.26598],[5,0.31256],[6,0.40937],[7,0.50811],[8,0.63135],[9,0.81495],[10,0.93133],[11,1.13387],[12,1.07079],[13,1.18528],[14,1.30794]]

[[0,1.39396],[1,1.25808],[2,1.1195],[3,1.0085],[4,0.8359],[5,0.77699],[6,0.63538],[7,0.49766],[8,0.36082],[9,0.21507],[10,0.15632],[11,0.10261],[12,0.13455],[13,0.14437],[14,0.07101]]

[[0,0.07101],[1,0.11088],[2,0.11231],[3,0.12393],[4,0.15833],[5,0.25902],[6,0.37607],[7,0.49447],[8,0.63449],[9,0.72566],[10,0.88078],[11,1.00796],[12,1.14657],[13,1.25947],[14,1.3077]]

[[0,1.2006],[1,1.11455],[2,1.086],[3,1.04628],[4,0.90384],[5,0.71706],[6,0.5717],[7,0.47573],[8,0.3808],[9,0.36646],[10,0.24759],[11,0.1795],[12,0.10939],[13,0.08137],[14,0.05996]]

[[0,0.1272],[1,0.14148],[2,0.25612],[3,0.46201],[4,0.74054],[5,1.00298],[6,1.16227],[7,1.23819],[8,1.40933],[9,1.42021],[10,1.46067],[11,1.47729],[12,1.5391],[13,1.53705],[14,1.59245]]

[[0,1.34123],[1,1.22418],[2,1.13304],[3,0.9158],[4,0.82344],[5,0.80004],[6,0.6739],[7,0.4348],[8,0.31421],[9,0.26952],[10,0.30961],[11,0.28819],[12,0.29107],[13,0.28284],[14,0.29848]]

[[0,0.29848],[1,0.36158],[2,0.24231],[3,0.32358],[4,0.25074],[5,0.32811],[6,0.4338],[7,0.50466],[8,0.61293],[9,0.9275],[10,1.30589],[11,1.52223],[12,1.73745],[13,1.88222],[14,1.90031]]

[[0,1.95091],[1,1.82999],[2,1.98218],[3,2.07407],[4,1.94728],[5,2.01764],[6,1.91371],[7,1.80148],[8,1.65773],[9,1.46944],[10,1.24132],[11,1.08534],[12,1.02788],[13,0.89016],[14,0.90789]]

[[0,0.90789],[1,0.69962],[2,0.8522],[3,0.98579],[4,1.01021],[5,1.09573],[6,1.04904],[7,1.09101],[8,1.26897],[9,1.29745],[10,1.44612],[11,1.65376],[12,1.62423],[13,1.44774],[14,1.36787]]

[[0,2.02763],[1,1.78015],[2,1.57387],[3,1.86724],[4,1.74065],[5,1.58733],[6,1.24388],[7,1.20743],[8,0.94495],[9,0.83262],[10,0.61338],[11,0.33188],[12,0.27961],[13,0.15615],[14,0.16846]]

[[0,0.16846],[1,0.13356],[2,0.26084],[3,0.2568],[4,0.29985],[5,0.3984],[6,0.53153],[7,0.72699],[8,0.80257],[9,0.97399],[10,1.02282],[11,0.96729],[12,0.93058],[13,0.95194],[14,0.89445]]

[[0,0.72786],[1,0.76254],[2,0.68005],[3,0.67079],[4,0.74446],[5,0.75777],[6,0.81679],[7,0.83255],[8,0.62807],[9,0.74009],[10,0.70081],[11,0.46182],[12,0.43236],[13,0.47712],[14,0.39063]]

[[0,0.39063],[1,0.37384],[2,0.38554],[3,0.43408],[4,0.52414],[5,0.67946],[6,0.79088],[7,1.04122],[8,1.09956],[9,1.28953],[10,1.40227],[11,1.56037],[12,1.56149],[13,1.61874],[14,1.58896]]

[[0,1.38877],[1,1.28819],[2,1.19591],[3,1.03645],[4,0.91463],[5,0.79364],[6,0.64883],[7,0.49095],[8,0.49247],[9,0.44463],[10,0.41341],[11,0.37539],[12,0.41126],[13,0.40937],[14,0.42812]]

[[0,0.42812],[1,0.43188],[2,0.42372],[3,0.47269],[4,0.51809],[5,0.59994],[6,0.73073],[7,0.87858],[8,0.97399],[9,1.17693],[10,1.2959],[11,1.39351],[12,1.50233],[13,1.51897],[14,1.61215]]

[[0,1.32501],[1,1.2283],[2,1.14324],[3,1.03983],[4,0.88644],[5,0.6781],[6,0.52994],[7,0.40411],[8,0.314],[9,0.20442],[10,0.14763],[11,0.13169],[12,0.11671],[13,0.10064],[14,0.09769]]

[[0,0.09769],[1,0.10157],[2,0.10411],[3,0.12343],[4,0.15067],[5,0.17441],[6,0.24815],[7,0.30131],[8,0.41928],[9,0.49136],[10,0.51497],[11,0.60836],[12,0.71871],[13,0.82744],[14,0.85163]]

[[0,0.70746],[1,0.72655],[2,0.65055],[3,0.5299],[4,0.46722],[5,0.40457],[6,0.34562],[7,0.26088],[8,0.2069],[9,0.16036],[10,0.16541],[11,0.13632],[12,0.13541],[13,0.1467],[14,0.15161]]

[[0,0.15161],[1,0.14603],[2,0.163],[3,0.15806],[4,0.20773],[5,0.21333],[6,0.34858],[7,0.43143],[8,0.57412],[9,0.79679],[10,0.9552],[11,1.0626],[12,1.24722],[13,1.35114],[14,1.44406]]

[[0,1.23416],[1,1.15559],[2,1.0348],[3,1.05817],[4,0.9488],[5,0.98307],[6,0.72283],[7,0.63418],[8,0.43365],[9,0.30355],[10,0.25757],[11,0.23827],[12,0.20615],[13,0.1904],[14,0.23603]]

[[0,0.23603],[1,0.19659],[2,0.26075],[3,0.28847],[4,0.29897],[5,0.34752],[6,0.36611],[7,0.43888],[8,0.531],[9,0.64501],[10,0.65757],[11,0.75232],[12,0.78624],[13,0.92064],[14,1.04872]]

[[0,1.31474],[1,1.12638],[2,0.95415],[3,0.94972],[4,0.85926],[5,0.72054],[6,0.71938],[7,0.61927],[8,0.56311],[9,0.48198],[10,0.45994],[11,0.39885],[12,0.40976],[13,0.39137],[14,0.37414]]

[[0,0.37414],[1,0.31543],[2,0.39037],[3,0.46004],[4,0.47837],[5,0.53395],[6,0.60652],[7,0.63593],[8,0.85355],[9,1.02916],[10,1.15544],[11,1.09577],[12,1.0616],[13,1.24485],[14,1.31382]]

[[0,0.90472],[1,0.81343],[2,0.87032],[3,0.79186],[4,0.69309],[5,0.68174],[6,0.58735],[7,0.6154],[8,0.61802],[9,0.70468],[10,0.81123],[11,0.67335],[12,0.63812],[13,0.75488],[14,0.77969]]

[[0,0.77969],[1,0.62489],[2,0.73995],[3,0.99033],[4,0.81341],[5,0.7598],[6,0.81818],[7,0.89398],[8,0.8698],[9,0.86262],[10,0.91278],[11,0.99535],[12,1.01189],[13,1.0282],[14,1.02728]]

[[0,1.41357],[1,1.4104],[2,1.31604],[3,1.61078],[4,1.28525],[5,1.09455],[6,0.89477],[7,0.79782],[8,0.4522],[9,0.3369],[10,0.17196],[11,0.12898],[12,0.08328],[13,0.06367],[14,0.07073]]

[[0,0.07073],[1,0.0626],[2,0.09233],[3,0.12706],[4,0.21019],[5,0.29805],[6,0.42072],[7,0.65817],[8,0.92092],[9,1.15521],[10,1.3833],[11,1.49922],[12,1.69565],[13,1.74879],[14,1.88067]]

[[0,1.45142],[1,1.39389],[2,1.33756],[3,1.299],[4,1.23305],[5,1.10689],[6,1.00479],[7,0.74897],[8,0.55955],[9,0.41705],[10,0.34962],[11,0.33797],[12,0.31628],[13,0.30971],[14,0.3134]]

[[0,0.13924],[1,0.1441],[2,0.15326],[3,0.16807],[4,0.21203],[5,0.2529],[6,0.32551],[7,0.41086],[8,0.49555],[9,0.56853],[10,0.59653],[11,0.62965],[12,0.6601],[13,0.69419],[14,0.67325]]

[[0,0.80844],[1,0.75957],[2,0.70884],[3,0.63847],[4,0.56386],[5,0.48423],[6,0.45927],[7,0.37143],[8,0.31857],[9,0.28753],[10,0.25838],[11,0.21653],[12,0.20266],[13,0.17767],[14,0.16755]]

[[0,0.16755],[1,0.16559],[2,0.14797],[3,0.16533],[4,0.18614],[5,0.20326],[6,0.23288],[7,0.25291],[8,0.24519],[9,0.32732],[10,0.40742],[11,0.40862],[12,0.43769],[13,0.45082],[14,0.52613]]

[[0,0.94067],[1,0.90224],[2,0.84556],[3,0.78515],[4,0.7764],[5,0.71442],[6,0.67263],[7,0.58655],[8,0.53293],[9,0.443],[10,0.39854],[11,0.35351],[12,0.33758],[13,0.33241],[14,0.30387]]

[[0,0.30387],[1,0.29218],[2,0.30763],[3,0.32005],[4,0.31772],[5,0.33221],[6,0.36138],[7,0.38337],[8,0.44056],[9,0.47933],[10,0.53461],[11,0.57632],[12,0.60659],[13,0.64185],[14,0.69092]]

[[0,0.50693],[1,0.48763],[2,0.40521],[3,0.32506],[4,0.30022],[5,0.248],[6,0.17443],[7,0.14054],[8,0.0923],[9,0.06484],[10,0.04643],[11,0.03462],[12,0.02652],[13,0.0233],[14,0.02557]]

[[0,0.02557],[1,0.02608],[2,0.03173],[3,0.04501],[4,0.07013],[5,0.12632],[6,0.16805],[7,0.24395],[8,0.3247],[9,0.4357],[10,0.5677],[11,0.71118],[12,0.83627],[13,0.9757],[14,1.13046]]

[[0,1.22489],[1,1.17563],[2,1.1033],[3,1.09316],[4,1.00518],[5,0.91093],[6,0.83758],[7,0.73943],[8,0.6829],[9,0.61021],[10,0.53403],[11,0.46211],[12,0.40068],[13,0.38404],[14,0.4284]]

[[0,0.42562],[1,0.39088],[2,0.46069],[3,0.45505],[4,0.50534],[5,0.55936],[6,0.62895],[7,0.72559],[8,0.94261],[9,0.97193],[10,1.12481],[11,1.16892],[12,1.26323],[13,1.36949],[14,1.4764]]

[[0,1.27587],[1,1.32505],[2,1.08821],[3,0.96466],[4,0.89156],[5,0.78287],[6,0.71039],[7,0.53601],[8,0.32029],[9,0.31234],[10,0.19915],[11,0.16143],[12,0.15876],[13,0.11616],[14,0.09173]]

[[0,0.20012],[1,0.21386],[2,0.29197],[3,0.29304],[4,0.39144],[5,0.45186],[6,0.56784],[7,0.744],[8,0.73817],[9,0.8001],[10,0.98842],[11,1.207],[12,1.46548],[13,1.63716],[14,1.83718]]

[[0,1.68267],[1,1.58813],[2,1.41003],[3,1.37877],[4,1.23693],[5,1.13409],[6,0.9976],[7,0.73489],[8,0.76941],[9,0.6484],[10,0.47584],[11,0.32051],[12,0.26694],[13,0.26104],[14,0.29743]]

[[0,0.29743],[1,0.27568],[2,0.26605],[3,0.29072],[4,0.32761],[5,0.37034],[6,0.43124],[7,0.50302],[8,0.54618],[9,0.621],[10,0.76838],[11,0.82435],[12,0.90014],[13,1.02918],[14,1.0194]]

[[0,1.44219],[1,1.41946],[2,1.34243],[3,1.21888],[4,1.15832],[5,1.06862],[6,1.02188],[7,0.93104],[8,0.89434],[9,0.82172],[10,0.66635],[11,0.70963],[12,0.65284],[13,0.64194],[14,0.58045]]

[[0,0.18412],[1,0.18631],[2,0.19782],[3,0.25597],[4,0.29681],[5,0.41894],[6,0.50834],[7,0.61185],[8,0.67708],[9,0.81713],[10,0.94632],[11,1.11355],[12,1.21993],[13,1.22982],[14,1.37482]]

[[0,1.11159],[1,1.03405],[2,0.95462],[3,0.78295],[4,0.7198],[5,0.60451],[6,0.50352],[7,0.44606],[8,0.36755],[9,0.29199],[10,0.20355],[11,0.15724],[12,0.13422],[13,0.12601],[14,0.10731]]

[[0,0.10731],[1,0.12777],[2,0.16298],[3,0.18428],[4,0.24817],[5,0.30031],[6,0.34797],[7,0.44325],[8,0.55308],[9,0.65514],[10,0.71319],[11,0.80496],[12,0.95997],[13,1.02542],[14,1.13906]]

[[0,0.794],[1,0.76583],[2,0.65912],[3,0.58298],[4,0.47689],[5,0.39283],[6,0.32822],[7,0.26949],[8,0.2141],[9,0.16608],[10,0.11964],[11,0.11032],[12,0.0948],[13,0.09289],[14,0.10897]]

[[0,0.11036],[1,0.10447],[2,0.12142],[3,0.16004],[4,0.33173],[5,0.49409],[6,0.7451],[7,1.93669],[8,1.56073],[9,1.78042],[10,1.80647],[11,1.87242],[12,1.98517],[13,1.8067],[14,1.92071]]

[[0,1.6221],[1,1.61577],[2,1.58409],[3,1.48577],[4,1.41114],[5,1.3466],[6,1.44076],[7,0.92283],[8,0.87079],[9,0.6693],[10,0.66342],[11,0.5035],[12,0.52986],[13,0.37314],[14,0.41582]]

[[0,0.16606],[1,0.16389],[2,0.16538],[3,0.1326],[4,0.15835],[5,0.20338],[6,0.2348],[7,0.25888],[8,0.32989],[9,0.39651],[10,0.4402],[11,0.51413],[12,0.59265],[13,0.63786],[14,0.77282]]

[[0,0.48995],[1,0.49267],[2,0.44766],[3,0.46086],[4,0.37843],[5,0.37896],[6,0.358],[7,0.32666],[8,0.28622],[9,0.25569],[10,0.22554],[11,0.26742],[12,0.23019],[13,0.23633],[14,0.28806]]

[[0,0.28806],[1,0.24602],[2,0.28147],[3,0.2818],[4,0.32416],[5,0.40961],[6,0.4865],[7,0.54036],[8,0.67209],[9,0.73655],[10,0.79736],[11,0.91643],[12,1.10186],[13,1.21228],[14,1.35307]]

[[0,1.07774],[1,1.05541],[2,0.94854],[3,0.89349],[4,0.76805],[5,0.67984],[6,0.56649],[7,0.53866],[8,0.43058],[9,0.40006],[10,0.37831],[11,0.32481],[12,0.3143],[13,0.25168],[14,0.30156]]

[[0,0.30156],[1,0.28267],[2,0.30132],[3,0.41671],[4,0.4876],[5,0.62018],[6,0.63665],[7,0.6398],[8,0.84476],[9,1.04265],[10,1.13437],[11,1.20658],[12,1.22753],[13,1.24201],[14,1.24618]]

[[0,1.48269],[1,1.44064],[2,1.39123],[3,1.2882],[4,1.17566],[5,1.01867],[6,0.90791],[7,0.82187],[8,0.71947],[9,0.69509],[10,0.4718],[11,0.3689],[12,0.33578],[13,0.23871],[14,0.2912]]

---------------------------------------------------------
Durchschnitt
---------------------------------------------------------

[[0,1526731/1300000],[1,432481/390000],[2,53371/52000],[3,3793259/3900000],[4,3428497/3900000],[5,770461/975000],[6,2730541/3900000],[7,30559/52000],[8,159219/325000],[9,545797/1300000],[10,1364791/3900000],[11,280763/975000],[12,509429/1950000],[13,23353/97500],[14,940727/3900000]]

[[0,319691/1300000],[1,460237/1950000],[2,509273/1950000],[3,148249/487500],[4,45271/130000],[5,540337/1300000],[6,638483/1300000],[7,783899/1300000],[8,2690029/3900000],[9,3116359/3900000],[10,700993/780000],[11,1286969/1300000],[12,4167703/3900000],[13,177227/156000],[14,49058/40625]]

---------------------------------------------------------
Obere Distanz
---------------------------------------------------------

[[0,1526731/1300000],[1,432481/390000],[2,53371/52000],[3,3793259/3900000],[4,3428497/3900000],[5,770461/975000],[6,2730541/3900000],[7,783899/1300000],[8,2690029/3900000],[9,3116359/3900000],[10,700993/780000],[11,1286969/1300000],[12,4167703/3900000],[13,177227/156000],[14,49058/40625]]

---------------------------------------------------------
OpenFace Threshold
---------------------------------------------------------

y=0.99

---------------------------------------------------------
90-10 Threshold
---------------------------------------------------------

y=0,76891524