---------------------------------------------------------
Werte
---------------------------------------------------------
1;0,12684;2;0,13871;3;0,1418;4;0,15076;5;0,17805;6;0,17577;7;0,19834;8;0,22485;9;0,27128;10;0,31509;11;0,36171;12;0,43005;13;0,43645;14;0,55472;15;0,58617;16;0,68074;17;0,72931;18;0,82347;19;0,87884;20;0,92654;21;0,92077;22;1,02258;23;1,04053;24;1,0914;25;1,13075;26;1,129;27;1,15044;28;1,21227;29;1,2077;30;1,23852
1;1,25099;2;1,24057;3;1,20297;4;1,171;5;1,08012;6;1,0332;7;0,98297;8;0,93059;9;0,85989;10;0,80009;11;0,73349;12;0,67755;13;0,66145;14;0,61475;15;0,51513;16;0,47455;17;0,42398;18;0,38511;19;0,33711;20;0,30597;21;0,28645;22;0,21716;23;0,21388;24;0,17131;25;0,14505;26;0,16342;27;0,15776;28;0,1223;29;0,14838;30;0,13686
1;1,32461;2;1,27373;3;1,19596;4;1,12716;5;1,04352;6;0,98347;7;0,93215;8;0,86074;9;0,79936;10;0,73856;11;0,65469;12;0,60296;13;0,54502;14;0,50735;15;0,4534;16;0,43136;17;0,38703;18;0,36497;19;0,31109;20;0,28509;21;0,24235;22;0,23747;23;0,21033;24;0,19149;25;0,17927;26;0,15715;27;0,14969;28;0,14095;29;0,10765;30;0,13231
1;0,05295;2;0,0585;3;0,07042;4;0,08203;5;0,10669;6;0,13007;7;0,14422;8;0,1784;9;0,21299;10;0,25451;11;0,31559;12;0,37928;13;0,43801;14;0,47064;15;0,57584;16;0,59844;17;0,66846;18;0,73399;19;0,82226;20;0,88165;21;0,90871;22;0,92923;23;0,97806;24;1,02844;25;1,07914;26;1,13462;27;1,19283;28;1,24507;29;1,32641;30;1,35534
1;0,82065;2;0,81107;3;0,79389;4;0,77201;5;0,75067;6;0,72125;7;0,66913;8;0,62941;9;0,6558;10;0,62884;11;0,577;12;0,59202;13;0,56109;14;0,51025;15;0,4913;16;0,4653;17;0,42633;18;0,40023;19;0,34936;20;0,3182;21;0,29047;22;0,2545;23;0,22164;24;0,21017;25;0,20208;26;0,20902;27;0,17492;28;0,17746;29;0,16879;30;0,19056
1;0,05816;2;0,06424;3;0,06838;4;0,07448;5;0,08142;6;0,08929;7;0,11213;8;0,12835;9;0,12171;10;0,14576;11;0,16266;12;0,18173;13;0,20586;14;0,23288;15;0,26692;16;0,2852;17;0,33183;18;0,36388;19;0,3949;20;0,44386;21;0,48924;22;0,5502;23;0,6138;24;0,64855;25;0,69427;26;0,75925;27;0,83346;28;0,8755;29;0,92322;30;0,92256
1;1,09834;2;1,11624;3;1,1111;4;1,07467;5;1,07699;6;0,96696;7;0,9083;8;0,86173;9;0,82267;10;0,74089;11;0,70306;12;0,58174;13;0,53833;14;0,48982;15;0,41732;16;0,384;17;0,33143;18;0,29657;19;0,26704;20;0,23471;21;0,22305;22;0,18867;23;0,16731;24;0,13834;25;0,13791;26;0,11654;27;0,08993;28;0,07101;29;0,06083;30;0,06652
1;0,72149;2;0,71165;3;0,75696;4;0,71996;5;0,84197;6;0,7878;7;0,82114;8;0,87035;9;0,84772;10;0,89867;11;0,92271;12;0,94798;13;0,95445;14;0,98534;15;1,01332;16;1,03189;17;1,0457;18;1,08007;19;1,09652;20;1,13329;21;1,13095;22;1,11597;23;1,1225;24;1,16113;25;1,21087;26;1,22076;27;1,23547;28;1,26336;29;1,28809;30;1,30965
1;0,53417;2;0,51311;3;0,47176;4;0,43104;5;0,40719;6;0,37264;7;0,34898;8;0,32397;9;0,30035;10;0,27842;11;0,26449;12;0,23684;13;0,22626;14;0,20348;15;0,18728;16;0,17166;17;0,16667;18;0,15448;19;0,14375;20;0,14922;21;0,12613;22;0,12729;23;0,1175;24;0,12416;25;0,11639;26;0,11612;27;0,11875;28;0,11982;29;0,11995;30;0,12811
1;0,13973;2;0,1439;3;0,14779;4;0,15754;5;0,16826;6;0,18014;7;0,20404;8;0,20736;9;0,22569;10;0,24464;11;0,25873;12;0,28542;13;0,29665;14;0,33268;15;0,36452;16;0,39056;17;0,40504;18;0,43819;19;0,46629;20;0,48814;21;0,52269;22;0,55705;23;0,58769;24;0,62447;25;0,65362;26;0,68395;27;0,72255;28;0,69077;29;0,78034;30;0,75066
1;0,19874;2;0,2253;3;0,22538;4;0,23358;5;0,25473;6;0,2402;7;0,2454;8;0,26124;9;0,26363;10;0,29097;11;0,30845;12;0,39097;13;0,40723;14;0,42502;15;0,48199;16;0,47331;17;0,50531;18;0,55398;19;0,71003;20;0,63533;21;0,69928;22;0,81519;23;0,80805;24;0,84962;25;0,84978;26;0,86938;27;0,90343;28;0,93139;29;0,91167;30;0,90527
1;1,1678;2;1,03592;3;0,99986;4;0,92112;5;0,92166;6;0,90148;7;0,84841;8;0,80935;9;0,78585;10;0,70257;11;0,73351;12;0,69986;13;0,64594;14;0,60819;15;0,53481;16;0,54614;17;0,51679;18;0,46776;19;0,43061;20;0,41079;21;0,37329;22;0,32852;23;0,32652;24;0,29424;25;0,28641;26;0,26043;27;0,27024;28;0,25996;29;0,25387;30;0,23905
1;2,07729;2;2,01141;3;1,91151;4;1,92441;5;1,77114;6;1,6638;7;1,57489;8;1,49767;9;1,38321;10;1,25725;11;1,15319;12;1,04257;13;0,93939;14;0,85082;15;0,72128;16;0,61516;17;0,51814;18;0,43313;19;0,38319;20;0,3483;21;0,27419;22;0,24028;23;0,2022;24;0,17533;25;0,15453;26;0,12775;27;0,11685;28;0,11594;29;0,10714;30;0,1034
1;0,20543;2;0,23561;3;0,27386;4;0,26112;5;0,36867;6;0,41923;7;0,4826;8;0,55732;9;0,65351;10;0,72167;11;0,80775;12;0,92914;13;1,02468;14;1,12556;15;1,24717;16;1,3674;17;1,45805;18;1,61484;19;1,69659;20;1,7273;21;1,8743;22;1,90494;23;1,98947;24;2,0633;25;2,14612;26;2,19487;27;2,24102;28;2,24024;29;2,29355;30;2,32553
1;0,09241;2;0,09678;3;0,11163;4;0,11834;5;0,12872;6;0,13657;7;0,14746;8;0,17472;9;0,19183;10;0,21341;11;0,23528;12;0,26386;13;0,27416;14;0,32309;15;0,33468;16;0,36594;17;0,38209;18;0,41205;19;0,45531;20;0,49094;21;0,50043;22;0,59389;23;0,63514;24;0,67989;25;0,69759;26;0,74829;27;0,83552;28;0,85409;29;0,93366;30;0,93515
1;0,85069;2;0,81269;3;0,73404;4;0,69441;5;0,68033;6;0,66565;7;0,63754;8;0,61672;9;0,58824;10;0,56344;11;0,54034;12;0,50338;13;0,44292;14;0,3897;15;0,35736;16;0,38023;17;0,34139;18;0,2921;19;0,27265;20;0,17454;21;0,17745;22;0,11892;23;0,10006;24;0,08828;25;0,08055;26;0,07256;27;0,07787;28;0,079;29;0,09359;30;0,09822
---------------------------------------------------------
Durchschnitt
---------------------------------------------------------
1;6383/32000;2;167469/800000;3;89811/400000;4;179781/800000;5;212851/800000;6;215907/800000;7;235533/800000;8;260259/800000;9;69709/200000;10;38559/100000;11;42161/100000;12;380843/800000;13;403749/800000;14;444993/800000;15;487061/800000;16;129837/200000;17;552579/800000;18;602047/800000;19;326037/400000;20;134541/160000;21;704637/800000;22;149781/160000;23;194381/200000;24;20367/20000;25;423107/400000;26;218503/200000;27;56967/50000;28;931269/800000;29;15101/12500;30;243567/200000
1;456227/400000;2;440737/400000;3;842109/800000;4;405791/400000;5;386581/400000;6;146169/160000;7;690237/800000;8;326509/400000;9;619537/800000;10;285503/400000;11;535977/800000;12;123423/200000;13;11401/20000;14;104359/200000;15;91947/200000;16;8671/20000;17;38897/100000;18;55887/160000;19;6237/20000;20;111341/400000;21;99669/400000;22;171281/800000;23;19493/100000;24;34833/200000;25;130219/800000;26;122299/800000;27;115601/800000;28;27161/200000;29;5301/40000;30;109503/800000
---------------------------------------------------------
Obere Distanz
---------------------------------------------------------
1;456227/400000;2;440737/400000;3;842109/800000;4;405791/400000;5;386581/400000;6;146169/160000;7;690237/800000;8;326509/400000;9;619537/800000;10;285503/400000;11;535977/800000;12;123423/200000;13;11401/20000;14;444993/800000;15;487061/800000;16;129837/200000;17;552579/800000;18;602047/800000;19;326037/400000;20;134541/160000;21;704637/800000;22;149781/160000;23;194381/200000;24;20367/20000;25;423107/400000;26;218503/200000;27;56967/50000;28;931269/800000;29;15101/12500;30;243567/200000
---------------------------------------------------------
OpenFace Threshold
---------------------------------------------------------
y=0,99
---------------------------------------------------------
90-10 Threshold
---------------------------------------------------------
y=0,7172467154
