---------------------------------------------------------
Werte
---------------------------------------------------------

[[1,0.11344],[2,0.13068],[3,0.16974],[4,0.23149],[5,0.32879],[6,0.41237],[7,0.53428],[8,0.7063],[9,0.77819],[10,0.97653],[11,1.1041],[12,1.25416],[13,1.30084],[14,1.39747],[15,1.42258]]

[[1,0.0633],[2,0.05664],[3,0.05546],[4,0.07463],[5,0.12911],[6,0.17382],[7,0.25823],[8,0.4032],[9,0.47956],[10,0.64249],[11,0.78148],[12,0.91872],[13,0.99591],[14,1.08794],[15,1.14893]]

[[1,0.1896],[2,0.18725],[3,0.19375],[4,0.21917],[5,0.2698],[6,0.33691],[7,0.43388],[8,0.57748],[9,0.62852],[10,0.79917],[11,0.91877],[12,1.05006],[13,1.11297],[14,1.20092],[15,1.23576]]

[[1,1.32121],[2,1.27242],[3,1.18754],[4,1.08403],[5,0.89656],[6,0.81969],[7,0.70031],[8,0.57274],[9,0.48529],[10,0.37072],[11,0.29041],[12,0.23381],[13,0.18938],[14,0.19237],[15,0.16472]]

[[1,1.16901],[2,1.1089],[3,1.02155],[4,0.91436],[5,0.71203],[6,0.62901],[7,0.51845],[8,0.39714],[9,0.32771],[10,0.22137],[11,0.14471],[12,0.09616],[13,0.05921],[14,0.05179],[15,0.0613]]

[[1,1.33838],[2,1.28482],[3,1.19649],[4,1.08572],[5,0.89211],[6,0.81884],[7,0.70893],[8,0.59146],[9,0.49857],[10,0.36651],[11,0.27518],[12,0.21277],[13,0.17477],[14,0.17104],[15,0.14236]]

---------------------------------------------------------
OpenFace Threshold
---------------------------------------------------------

y=0.99