---------------------------------------------------------
Werte
---------------------------------------------------------

[[1,0.11916],[2,0.13701],[3,0.17384],[4,0.22901],[5,0.31766],[6,0.397],[7,0.50975],[8,0.674],[9,0.74737],[10,0.94108],[11,1.05918],[12,1.21209],[13,1.25246],[14,1.34758],[15,1.37122]]

[[1,0.07499],[2,0.06885],[3,0.06523],[4,0.07982],[5,0.12439],[6,0.16766],[7,0.24823],[8,0.39087],[9,0.46525],[10,0.62628],[11,0.76321],[12,0.90143],[13,0.97993],[14,1.07654],[15,1.13813]]

[[1,0.19188],[2,0.18756],[3,0.1906],[4,0.21253],[5,0.24763],[6,0.3099],[7,0.40167],[8,0.53792],[9,0.5801],[10,0.74969],[11,0.86483],[12,0.99503],[13,1.05583],[14,1.14637],[15,1.18339]]

[[1,1.30874],[2,1.25716],[3,1.17656],[4,1.08009],[5,0.89989],[6,0.83492],[7,0.72848],[8,0.60985],[9,0.52552],[10,0.40924],[11,0.32472],[12,0.25177],[13,0.19876],[14,0.19252],[15,0.14941]]

[[1,1.16709],[2,1.10248],[3,1.01354],[4,0.90457],[5,0.70834],[6,0.62518],[7,0.51501],[8,0.39251],[9,0.32146],[10,0.2106],[11,0.13804],[12,0.08833],[13,0.05832],[14,0.04679],[15,0.05522]]

[[1,1.31322],[2,1.25841],[3,1.17311],[4,1.06856],[5,0.88006],[6,0.81035],[7,0.70676],[8,0.59632],[9,0.50314],[10,0.37129],[11,0.28219],[12,0.20977],[13,0.17236],[14,0.16232],[15,0.13605]]

[[1,0.15779],[2,0.16551],[3,0.23517],[4,0.30739],[5,0.37763],[6,0.40365],[7,0.52334],[8,0.637],[9,0.70648],[10,0.90751],[11,1.0377],[12,1.20926],[13,1.31001],[14,1.47433],[15,1.5244]]

[[1,0.05414],[2,0.0519],[3,0.07469],[4,0.09361],[5,0.1377],[6,0.14957],[7,0.23557],[8,0.34449],[9,0.44211],[10,0.60945],[11,0.77833],[12,0.94285],[13,1.04408],[14,1.24526],[15,1.32303]]

[[1,0.16903],[2,0.12761],[3,0.16352],[4,0.22385],[5,0.27434],[6,0.27838],[7,0.37654],[8,0.46683],[9,0.53855],[10,0.71924],[11,0.84829],[12,1.00983],[13,1.08628],[14,1.2632],[15,1.31859]]

[[1,1.33163],[2,1.2536],[3,1.18819],[4,1.03819],[5,0.8951],[6,0.82794],[7,0.63179],[8,0.48889],[9,0.35346],[10,0.21778],[11,0.12309],[12,0.06665],[13,0.04027],[14,0.01862],[15,0.01565]]

[[1,1.29522],[2,1.20292],[3,1.15097],[4,1.00195],[5,0.86333],[6,0.80031],[7,0.6058],[8,0.46796],[9,0.33455],[10,0.21057],[11,0.12399],[12,0.07383],[13,0.04954],[14,0.04206],[15,0.04059]]

[[1,1.41115],[2,1.32935],[3,1.28329],[4,1.13415],[5,0.99402],[6,0.92467],[7,0.73841],[8,0.59668],[9,0.45106],[10,0.31425],[11,0.21788],[12,0.17073],[13,0.14631],[14,0.11492],[15,0.09938]]

[[1,0.07702],[2,0.10171],[3,0.11335],[4,0.16347],[5,0.19398],[6,0.22736],[7,0.30544],[8,0.36133],[9,0.41317],[10,0.51302],[11,0.55528],[12,0.61222],[13,0.71808],[14,0.75072],[15,0.8057]]

[[1,0.23105],[2,0.29749],[3,0.30915],[4,0.37703],[5,0.424],[6,0.44993],[7,0.54993],[8,0.60648],[9,0.65342],[10,0.75198],[11,0.79055],[12,0.83294],[13,0.94555],[14,0.96098],[15,1.02099]]

[[1,0.18148],[2,0.17964],[3,0.17996],[4,0.21403],[5,0.2495],[6,0.26924],[7,0.30901],[8,0.35892],[9,0.37858],[10,0.43803],[11,0.47342],[12,0.5147],[13,0.61699],[14,0.63673],[15,0.70051]]

[[1,0.87989],[2,0.72022],[3,0.66009],[4,0.58559],[5,0.54234],[6,0.46907],[7,0.39072],[8,0.28494],[9,0.20841],[10,0.14324],[11,0.10076],[12,0.07403],[13,0.03521],[14,0.0269],[15,0.01565]]

[[1,1.01963],[2,0.85414],[3,0.78791],[4,0.7065],[5,0.64459],[6,0.57782],[7,0.4817],[8,0.36828],[9,0.28436],[10,0.19526],[11,0.15175],[12,0.12394],[13,0.06644],[14,0.05554],[15,0.04059]]

[[1,1.16553],[2,0.99787],[3,0.92388],[4,0.85585],[5,0.77439],[6,0.70334],[7,0.61314],[8,0.48528],[9,0.39577],[10,0.2981],[11,0.24471],[12,0.20793],[13,0.14902],[14,0.12972],[15,0.09938]]

[[1,0.09522],[2,0.08508],[3,0.0782],[4,0.0761],[5,0.08267],[6,0.11294],[7,0.13124],[8,0.18957],[9,0.23121],[10,0.26686],[11,0.31239],[12,0.35349],[13,0.42636],[14,0.47668],[15,0.56788]]

[[1,0.1918],[2,0.16915],[3,0.17251],[4,0.14312],[5,0.144],[6,0.15055],[7,0.16652],[8,0.19036],[9,0.23407],[10,0.26222],[11,0.29777],[12,0.34755],[13,0.41819],[14,0.46178],[15,0.51599]]

[[1,0.12227],[2,0.11061],[3,0.11551],[4,0.11973],[5,0.13637],[6,0.15907],[7,0.17575],[8,0.22122],[9,0.27253],[10,0.29761],[11,0.34378],[12,0.40168],[13,0.48073],[14,0.54478],[15,0.60691]]

[[1,0.77084],[2,0.69541],[3,0.68787],[4,0.53344],[5,0.47964],[6,0.39052],[7,0.37589],[8,0.27414],[9,0.21914],[10,0.18494],[11,0.15244],[12,0.12774],[13,0.10258],[14,0.09555],[15,0.06904]]

[[1,0.83468],[2,0.76219],[3,0.74373],[4,0.59028],[5,0.5495],[6,0.45578],[7,0.43603],[8,0.33529],[9,0.29186],[10,0.25758],[11,0.22555],[12,0.20401],[13,0.1725],[14,0.16682],[15,0.14637]]

[[1,0.84189],[2,0.77383],[3,0.75535],[4,0.6186],[5,0.5888],[6,0.49855],[7,0.46563],[8,0.37633],[9,0.33406],[10,0.30138],[11,0.26498],[12,0.2456],[13,0.208],[14,0.19863],[15,0.20254]]

[[1,0.01735],[2,0.03016],[3,0.06124],[4,0.10048],[5,0.13755],[6,0.18444],[7,0.24981],[8,0.34328],[9,0.48662],[10,0.5447],[11,0.78559],[12,0.79772],[13,1.02575],[14,1.03247],[15,1.24707]]

[[1,0.06323],[2,0.06705],[3,0.08554],[4,0.13345],[5,0.16592],[6,0.20992],[7,0.28511],[8,0.38137],[9,0.52998],[10,0.5862],[11,0.86991],[12,0.89578],[13,1.13076],[14,1.11536],[15,1.33512]]

[[1,0.12362],[2,0.12479],[3,0.14801],[4,0.20458],[5,0.19586],[6,0.24675],[7,0.29966],[8,0.39484],[9,0.53846],[10,0.57383],[11,0.82894],[12,0.86921],[13,1.1333],[14,1.13253],[15,1.38441]]

[[1,1.29082],[2,1.15394],[3,1.09841],[4,1.07545],[5,1.04281],[6,1.0578],[7,0.97113],[8,0.91849],[9,0.89738],[10,0.89074],[11,0.79736],[12,0.74758],[13,0.6939],[14,0.67733],[15,0.71486]]

[[1,1.29327],[2,1.19922],[3,1.17305],[4,1.17626],[5,1.15413],[6,1.19315],[7,1.11436],[8,1.06925],[9,1.04241],[10,1.01272],[11,0.91072],[12,0.87379],[13,0.80621],[14,0.77322],[15,0.76143]]

[[1,1.43117],[2,1.34043],[3,1.33721],[4,1.33803],[5,1.30637],[6,1.36066],[7,1.25195],[8,1.19039],[9,1.16798],[10,1.12608],[11,0.98209],[12,0.92911],[13,0.79471],[14,0.85752],[15,0.80887]]

---------------------------------------------------------
Durchschnitt
---------------------------------------------------------

[[1,187003/1500000],[2,47603/375000],[3,54163/375000],[4,13391/75000],[5,8023/37500],[6,92909/375000],[7,158919/500000],[8,76231/187500],[9,72179/150000],[10,87877/150000],[11,353639/500000],[12,198263/250000],[13,136243/150000],[14,1466531/1500000],[15,267389/250000]]

[[1,1735477/1500000],[2,530039/500000],[3,378829/375000],[4,456917/500000],[5,410777/500000],[6,576503/750000],[7,25067/37500],[8,14091/25000],[9,7636/15625],[10,614377/1500000],[11,168009/500000],[12,439481/1500000],[13,369413/1500000],[14,177923/750000],[15,335503/1500000]]

---------------------------------------------------------
OpenFace Threshold
---------------------------------------------------------

y=0.99